%YAML:1.0
img_width: 1280
img_height: 720
size_scale_factor: 1.
fx: 909.3773280487426
fy: 909.3773280487426
cx: 642.9053428238576
cy: 358.0199195001692
has_dist_coeff: 1
dist_px: -0.0005098678031221622
dist_py: -0.001172143507895601
dist_k0: 0.1012342177015649
dist_k1: 0.1094909857842104
dist_k2: -1.113179074619399
dist_k3: 0.
dist_k4: 0.
dist_k5: 0.
term_epsilon: 9.9999999999999995e-08
