%YAML:1.0
img_width: 640
img_height: 480
size_scale_factor: 1.
fx: 560.0
fy: 560.0
cx: 320.0
cy: 240.0
has_dist_coeff: 1
dist_px: 0.
dist_py: 0.
dist_k0: 0.
dist_k1: 0.
dist_k2: 0.
dist_k3: 0.
dist_k4: 0.
dist_k5: 0.
term_epsilon: 9.9999999999999995e-08
