%YAML:1.0
img_width: 1292
img_height: 964
size_scale_factor: 1.
fx: 1632.5959189219507
fy: 1633.1846323703764
cx: 652.0533016751612
cy: 504.7501099960911
has_dist_coeff: 1
dist_px: -0.00012784289110424294
dist_py: 0.00021953430194929946
dist_k0: -0.19243265919074598
dist_k1: -0.33741926853047904
dist_k2: 2.240591337667648
dist_k3: 0.
dist_k4: 0.
dist_k5: 0.
term_epsilon: 9.9999999999999995e-08
