%YAML:1.0
img_width: 1292
img_height: 964
size_scale_factor: 1.
fx: 1657.9451656032559
fy: 1659.9111058708645
cx: 672.7975549603802
cy: 506.045651527618
has_dist_coeff: 1
dist_px: -0.00012827596566203947
dist_py: -0.001195682501146225
dist_k0: -0.20439037159404713
dist_k1: -0.18025242587063195
dist_k2: 1.1745380172269753
dist_k3: 0.
dist_k4: 0.
dist_k5: 0.
term_epsilon: 9.9999999999999995e-08
