%YAML:1.0
img_width: 1292
img_height: 964
size_scale_factor: 1.
fx: 1645.5688139249255
fy: 1645.8970739488273
cx: 661.5807771034812
cy: 499.20161141187884
has_dist_coeff: 1
dist_px: 0.0009153743223387904
dist_py: -0.001185029488617227
dist_k0: -0.23124964451041108
dist_k1: 0.7838984755043611
dist_k2: -6.8802190892809945
dist_k3: 0.
dist_k4: 0.
dist_k5: 0.
term_epsilon: 9.9999999999999995e-08
