%YAML:1.0
img_width: 1292
img_height: 964
size_scale_factor: 1.
fx: 1656.9084621230645
fy: 1658.6627483095826
cx: 666.7354042057843
cy: 501.3910069796526
has_dist_coeff: 1
dist_px: -0.00015993898591653644
dist_py: -0.0014306021647960171
dist_k0: -0.19767539346824975
dist_k1: -0.306149061097648
dist_k2: 1.9312921552621936
dist_k3: 0.
dist_k4: 0.
dist_k5: 0.
term_epsilon: 9.9999999999999995e-08
